%YAML:1.0
R: !!opencv-matrix
   rows: 3
   cols: 3
   dt: d
   data: [ 9.9998960850871421e-001, 1.2671595339878004e-004,
       -4.5570623932035658e-003, -1.6230893597314722e-004,
       9.9996948058930002e-001, -7.8109887834224801e-003,
       4.5559335374541227e-003, 7.8116472675488083e-003,
       9.9995910998228810e-001 ]
T: !!opencv-matrix
   rows: 3
   cols: 1
   dt: d
   data: [ -5.1522290356639154e+001, 5.5953295996434171e-001,
       -4.4768145714998253e+000 ]
R1: !!opencv-matrix
   rows: 3
   cols: 3
   dt: d
   data: [ 9.9657369482183789e-001, -1.0015881960706772e-002,
       8.2100870261523337e-002, 1.0337176424697237e-002,
       9.9994048211107966e-001, -3.4892719908619189e-003,
       -8.2061035654657569e-002, 4.3260078606861575e-003,
       9.9661791679824541e-001 ]
R2: !!opencv-matrix
   rows: 3
   cols: 3
   dt: d
   data: [ 9.9618793097462421e-001, -1.0818618074636003e-002,
       8.6559596137300729e-002, 1.0479678247720014e-002,
       9.9993554136510732e-001, 4.3691485090529914e-003,
       -8.6601284772927653e-002, -3.4453762965828655e-003,
       9.9623709369700408e-001 ]
P1: !!opencv-matrix
   rows: 3
   cols: 4
   dt: d
   data: [ 8.7830578897708654e+002, 0., 5.5218904933484419e+002, 0., 0.,
       8.7830578897708654e+002, 5.1770126404514622e+002, 0., 0., 0., 1.,
       0. ]
P2: !!opencv-matrix
   rows: 3
   cols: 4
   dt: d
   data: [ 8.7830578897708654e+002, 0., 5.5218904933484419e+002,
       -4.5425490988755213e+004, 0., 8.7830578897708654e+002,
       5.1770126404514622e+002, 0., 0., 0., 1., 0. ]
Q: !!opencv-matrix
   rows: 4
   cols: 4
   dt: d
   data: [ 1., 0., 0., -5.5218904933484419e+002, 0., 1., 0.,
       -5.1770126404514622e+002, 0., 0., 0., 8.7830578897708654e+002, 0.,
       0., 1.9335086310778796e-002, 0. ]
