%YAML:1.0
image_width: 960
image_height: 1080
M1: !!opencv-matrix
   rows: 3
   cols: 3
   dt: d
   data: [ 9.7336394985364473e+002, 0., 5.7989702380411109e+002, 0.,
       9.7334956065789038e+002, 5.2502886664432151e+002, 0., 0., 1. ]
D1: !!opencv-matrix
   rows: 4
   cols: 1
   dt: d
   data: [ 1.1754978668027154e-002, -3.2227919204647798e-001,
       1.0825904012701413e+000, -1.1351409032736661e+000 ]
M2: !!opencv-matrix
   rows: 3
   cols: 3
   dt: d
   data: [ 9.7118204177030907e+002, 0., 6.6389032782059292e+002, 0.,
       9.7012134069585545e+002, 5.1369365197512491e+002, 0., 0., 1. ]
D2: !!opencv-matrix
   rows: 4
   cols: 1
   dt: d
   data: [ -2.9410008109059019e-003, -9.3491620588869825e-002,
       1.6653731505077529e-001, -7.0613142323766226e-002 ]
